2 0.074817 0.513750 0.126113 0.328929
2 0.082791 0.194137 0.059070 0.181607
2 0.190947 0.169792 0.083821 0.198750
2 0.296312 0.111161 0.106179 0.187321
2 0.821927 0.366458 0.119734 0.291726
2 0.672259 0.375030 0.101395 0.306012
2 0.551329 0.488006 0.140465 0.374702
2 0.434801 0.519464 0.154850 0.248810
2 0.321063 0.430089 0.115748 0.304583
2 0.823106 0.108304 0.099767 0.170179
2 0.681429 0.696786 0.110166 0.494762
2 0.951262 0.631012 0.097475 0.420476
2 0.468322 0.740387 0.178771 0.393274
2 0.312276 0.750417 0.195581 0.333214
2 0.158223 0.548780 0.083821 0.273155
