0 0.106464 0.304297 0.204639 0.228802
0 0.103346 0.556693 0.177490 0.198802
0 0.280856 0.580859 0.163004 0.216823
0 0.103213 0.852682 0.206426 0.229740
0 0.290894 0.818698 0.176008 0.203854
0 0.498213 0.779062 0.203194 0.179583
0 0.654144 0.669844 0.165399 0.207083
0 0.757510 0.873724 0.251597 0.135885
0 0.890285 0.749141 0.219430 0.155365
0 0.895722 0.503177 0.161863 0.190937
0 0.725019 0.491849 0.205551 0.207135
0 0.582681 0.372109 0.185437 0.262135
0 0.425570 0.313854 0.218517 0.275104
0 0.282643 0.293620 0.102776 0.250781
0 0.489943 0.099453 0.158289 0.179635
0 0.694316 0.151224 0.198441 0.192552
0 0.885703 0.094583 0.207909 0.176354
0 0.891008 0.292005 0.213802 0.189323
