1 0.195861 0.580924 0.164802 0.699027
1 0.291012 0.577687 0.116548 0.433653
1 0.413476 0.625423 0.122921 0.658575
1 0.576456 0.634323 0.086500 0.631072
1 0.662956 0.625423 0.091960 0.519422
1 0.495877 0.517003 0.078310 0.341425
1 0.759472 0.641601 0.086500 0.435275
1 0.866909 0.664260 0.119278 0.538843
1 0.971468 0.598724 0.057063 0.524274
1 0.901060 0.413449 0.036421 0.088984
1 0.832310 0.364097 0.035508 0.055021
1 0.792706 0.417496 0.047349 0.100324
1 0.717587 0.445007 0.039159 0.129450
1 0.751730 0.415882 0.040063 0.071199
1 0.683897 0.453900 0.055540 0.150480
